Year     Jan      Feb      Mar      Apr      May      Jun     Jul      Aug      Sep       Oct      Nov      Dec
1948    3.550    3.399    3.532    4.012    6.139    9.010   11.180   12.029   11.574    8.006    5.370    3.971
1949    3.303    2.459    3.233    4.179    6.029    8.215   10.762   12.214   11.400    8.653    6.787    4.725
1950    3.550    3.039    3.608    4.052    5.345    7.815   10.208   11.949   10.853    7.989    5.346    4.456
1951    3.186    3.012    2.652    3.961    6.151    8.576   11.752   12.918   12.011    9.203    6.946    4.808
1952    3.275    3.518    3.380    3.921    5.718    8.158   10.723   12.421   11.613    9.529    7.070    4.901
1953    3.502    3.695    3.312    4.397    6.278    8.903   11.651   12.720   11.633    8.722    6.575    5.029
1954    3.712    3.064    3.342    4.028    6.150    8.471   10.726   12.457   11.652    9.164    7.063    4.776
1955    4.355    3.651    3.608    3.913    5.461    7.521   10.332   11.771   10.693    7.750    5.498    4.107
1956    3.263    2.666    2.802    3.858    5.846    8.122   10.893   12.299   11.252    8.336    6.162    4.536
1957    4.031    3.562    4.025    4.771    7.051   10.028   12.381   13.692   12.541   10.281    8.145    5.546
1958    4.997    4.472    4.357    5.428    7.103    9.850   11.830   12.666   11.737    9.084    6.715    5.635
1959    4.435    4.313    3.721    4.720    6.652    9.392   11.372   12.424   11.478    9.433    7.472    5.306
1960    4.118    3.963    3.714    4.489    6.389    8.642   11.174   12.133   11.125    8.687    6.130    4.946
1961    4.330    3.801    3.710    4.607    6.543    8.768   11.116   12.372   11.278    8.449    5.967    4.237
1962    3.930    3.772    3.690    4.728    6.243    8.615   11.407   12.726   11.437    8.601    6.442    4.938
1963    4.672    4.447    4.272    4.906    6.867    8.860   11.601   13.087   12.214    9.107    5.906    5.467
1964    4.282    3.911    3.339    4.088    5.676    8.525   10.510   11.419   10.721    8.234    5.684    3.800
1965    3.415    3.097    3.880    4.298    5.637    7.801   10.526   11.996   11.524    8.460    6.268    4.498
1966    3.595    3.417    3.160    4.201    5.728    8.398   10.972   11.790   10.792    8.229    5.966    4.597
1967    3.493    3.292    3.182    4.205    6.215    8.667   11.151   12.777   11.506    8.803    6.643    4.524
1968    3.528    3.416    3.657    4.246    6.274    8.857   11.278   12.438   11.200    8.336    6.208    4.165
1969    2.982    3.070    3.251    4.004    5.634    8.228   10.909   12.190   11.287    9.055    6.582    5.523
1970    3.946    4.327    4.339    4.615    5.910    8.133   10.121   11.228   10.677    8.596    6.636    4.496
1971    3.099    3.149    2.731    3.593    4.767    7.014    9.718   11.261    9.889    7.650    5.425    3.865
1972    2.784    2.337    2.353    3.230    5.183    7.255   10.293   11.793   10.663    8.367    6.306    4.713
1973    3.555    3.492    3.455    4.245    5.505    7.408    9.868   10.964   10.266    8.020    5.439    4.358
1974    3.350    3.166    3.062    4.163    5.704    8.097   10.844   12.238   11.566    9.068    6.655    4.891
1975    3.599    2.927    2.969    3.538    5.109    7.229    9.967   11.063   10.278    7.818    5.113    3.671
1976    3.445    2.814    2.889    3.511    4.924    7.162    9.913   11.145   10.312    8.161    6.432    5.276
1977    4.940    4.649    3.940    4.504    5.983    8.620   10.831   12.571   11.731    8.720    5.784    4.425
1978    4.412    4.054    4.031    4.816    6.143    8.011   10.089   11.639   11.068    8.902    6.562    5.119
1979    4.409    3.026    3.981    4.627    6.222    8.647   11.255   12.681   11.939    9.350    6.956    4.880
1980    3.889    4.042    3.929    4.600    5.856    8.124   10.756   11.918   10.968    8.581    6.637    4.630
1981    4.970    4.340    4.461    4.908    6.816    9.068   11.191   12.391   11.184    8.816    6.560    4.934
1982    3.679    3.208    3.234    3.437    4.987    7.411    9.654   11.267   10.829    8.263    6.026    5.098
1983    3.998    3.919    4.351    5.028    6.561    9.088   11.848   12.742   11.273    8.792    6.573    5.297
1984    4.816    4.144    4.714    4.783    6.315    9.125   11.010   12.694   11.218    8.793    6.551    5.354
1985    5.192    3.761    3.856    3.797    5.309    7.344   10.064   11.556   11.107    8.493    5.353    5.132
1986    4.613    3.985    4.079    4.156    5.640    7.764   10.029   11.593   11.250    9.562    7.814    6.203
1987    5.176    4.418    4.155    4.712    6.111    7.623    9.823   12.114   10.993    8.735    6.644    4.886
1988    4.239    4.130    4.001    4.360    5.856    8.062   10.363   11.068   10.128    8.368    6.045    4.388
1989    3.086    2.937    2.689    4.080    5.846    8.105   11.147   12.814   12.172    9.350    6.106    4.959
1990    3.852    2.776    3.359    4.372    6.383    9.398   11.314   12.182   11.563    8.351    5.347    4.169
1991    3.766    3.688    3.595    4.340    5.690    8.095   10.774   11.158   10.578    8.678    7.134    5.146
1992    4.268    3.670    3.702    4.283    5.828    8.524   11.124   11.793   10.326    8.083    6.429    4.553
1993    3.771    3.587    3.796    4.547    6.391    9.208   11.717   12.800   11.594    9.688    7.411    5.844
1994    4.927    3.804    4.141    4.704    5.998    8.862   11.338   13.299   11.317    8.181    5.244    3.935
1995    3.640    3.564    3.115    3.960    5.858    7.692   10.691   11.382   11.759    9.264    5.951    4.698
1996    3.658    3.467    3.643    4.339    6.327    8.373   10.600   12.338   11.414    7.978    6.048    4.365
1997    3.512    4.006    3.324    4.107    6.136    9.473   12.409   13.941   13.195    9.771    7.609    5.364
1998    4.089    4.420    4.412    4.874    5.962    8.168   10.790   12.055   10.499    8.721    6.828    4.857
1999    3.963    3.045    2.994    3.617    4.605    7.171    9.494   11.548   10.605    8.158    5.667    4.137
2000    3.070    3.155    3.436    3.897    5.295    7.954   10.624   12.136   11.183    8.889    6.475    5.285
2001    4.597    3.885    3.819    4.074    5.031    7.449   10.256   12.333   10.912    8.344    5.665    4.187
2002    3.851    3.204    2.707    3.192    5.549    8.080   10.271   12.169   11.829   10.133    8.497    6.439
2003    5.177    5.024    4.221    4.527    6.079    8.113   10.876   12.328   11.303    9.440    7.130    5.139
2004    3.769    4.050    3.714    4.393    6.159    8.627   12.040   13.883   12.673    9.690    6.618    5.381
2005    4.550    4.249    4.454    4.724    7.122    9.670   12.222   13.404   12.650    9.461    6.259    5.262
2006    4.298    3.633    3.242    3.940    5.173    8.052   10.253   11.026   10.824    9.324    5.745    4.520
2007    3.470    3.123    2.304    3.469    4.905    6.925   10.172   11.847   11.526    8.556    6.285    4.504
2008    3.175    2.809    3.036    3.311    4.399    6.729    9.867   11.317   10.434    8.390    5.689    4.206
2009    3.378    2.809    2.705    3.377    5.272    7.958   10.742   11.912   10.758    8.730    5.973    4.396
2010    4.197    3.984    3.752    3.974    5.314    7.475    9.543   11.786   11.707    8.886    6.333    4.660
2011    3.971    3.470    3.170    3.907    5.353    7.821   10.466   11.760   10.780    8.714    5.576    4.341
2012    2.908    3.065    2.545    3.668    4.871    7.161    9.305   11.273   10.875    8.303    5.975    4.265
2013    3.911    3.803    3.194    3.525    5.147    8.117   11.349   13.209   12.337    8.959    6.964    5.289
2014    5.365    4.258    4.143    4.867    7.033    9.118   11.765   13.452   13.178   10.230    7.900    6.646
2015    5.663    5.124    5.189    5.571    6.883    9.843   11.902   13.013   11.640    9.853    7.534    5.961